# [grass]

## old campus side
R 219 180 56 26 0
R 305 42 27 59 0
R 305 115 27 21 0
R 347 48 66 49 0 garden
R 305 147 27 74 0
R 291 180 14 27 0
R 108 192 19 23 0

R 255 399 19 50 0
R 257 466 17 49 0
R 224 486 33 29 0
R 352 561 64 44 0

R 635 277 81 29 0
R 733 277 88 29 0

## N building side
P 1098 611 1234 611 1249 580 1323 580 1369 565 1401 540 1452 481 1447 474 1414 504 1352 435 1393 399 1358 351 1314 376 1282 338 1260 356 1260 367 1139 367 1122 373 1105 403 1105 529 1086 554

# wood chips [woodchips]
R 142 180 64 58 0 J building courtyard
P 139 361 206 361 206 257 197 249 142 249 142 253 184 253 184 334 139 334 139 361
R 337 358 25 38 0 E
R 354 269 60 35 0
R 514 278 90 26 0
R 169 533 37 48 0
R 87 272 15 23 0
P 352 562 416 562 401 544 367 545
R 306 553 28 86 0
R 122 674 64 69 0

# [cement]
R 206 180 14 181 0
R 53 166 252 14 0
R 53 9 252 12 0
R 53 21 15 145 0
R 293 21 12 145 0
R 127 180 15 73 0
R 142 238 64 11 0
P 198 249 206 249 206 257
R 46 180 81 12 0

## H building
R 127 253 9 81 0
R 125 334 14 27 0
R 87 261 40 11 0
R 102 272 25 23 0
R 107 295 20 39 0

R 332 42 15 227 0
R 305 101 27 14 0
R 305 136 27 11 0
R 220 206 85 15 0
R 275 180 16 26 0
R 293 221 39 17 0
R 293 238 12 140 0
R 125 361 169 17 0
R 125 378 13 154 0
R 138 519 73 13 0
R 211 378 13 151 0
R 224 515 82 14 0
R 206 529 16 228 0
R 154 532 15 67 0
R 169 581 37 14 0
R 274 378 17 137 0
R 291 395 83 15 0
R 362 410 12 86 0
R 291 482 71 14 0
R 294 529 12 158 0
R 222 673 72 14 0
R 26 743 180 14 0

## [dark_cement]
P 306 238 332 238 332 269 354 269 354 303 394 303 394 361 406 375 488 375 488 577 417 577 417 562 401 543 367 545 352 561 352 612 338 612 338 552 306 552 306 514 292 514 292 496 374 496 374 396 362 396 362 358 337 358 337 395 291 395 291 378 305 378
